# This  a data file of potential over a plane
# Variables:  Top=1, Right=2, Bottom=3, Left=4, Front=-2, Back=-1, cycles=10000
  
0 0  -2
0 1  4
0 2  4
0 3  4
0 4  4
0 5  4
0 6  4
0 7  4
0 8  4
0 9  4
0 10  4
0 11  4
0 12  4
0 13  4
0 14  4
0 15  4
0 16  4
0 17  4
0 18  4
0 19  4
0 20  4
0 21  4
0 22  4
0 23  4
0 24  4
0 25  4
0 26  4
0 27  4
0 28  4
0 29  4
0 30  4
0 31  4
0 32  4
0 33  4
0 34  4
0 35  4
0 36  4
0 37  4
0 38  4
0 39  4
0 40  4
0 41  4
0 42  4
0 43  4
0 44  4
0 45  4
0 46  4
0 47  4
0 48  4
0 49  4
0 50  4
  
1 0  -2
1 1  0.55204
1 2  1.19976
1 3  1.48308
1 4  1.63756
1 5  1.73317
1 6  1.79778
1 7  1.84425
1 8  1.87922
1 9  1.90641
1 10  1.92809
1 11  1.94571
1 12  1.96022
1 13  1.9723
1 14  1.98244
1 15  1.99099
1 16  1.99821
1 17  2.00432
1 18  2.00948
1 19  2.0138
1 20  2.01739
1 21  2.02031
1 22  2.02264
1 23  2.02441
1 24  2.02566
1 25  2.0264
1 26  2.02666
1 27  2.02642
1 28  2.02569
1 29  2.02444
1 30  2.02264
1 31  2.02026
1 32  2.01722
1 33  2.01347
1 34  2.00889
1 35  2.00336
1 36  1.99671
1 37  1.98873
1 38  1.97911
1 39  1.96747
1 40  1.95323
1 41  1.9356
1 42  1.91338
1 43  1.88469
1 44  1.8464
1 45  1.79301
1 46  1.71378
1 47  1.58569
1 48  1.35064
1 49  0.887574
1 50  -1
  
2 0  -2
2 1  -0.136868
2 2  0.51036
2 3  0.886465
2 4  1.12767
2 5  1.29115
2 6  1.40749
2 7  1.49379
2 8  1.55998
2 9  1.61212
2 10  1.65405
2 11  1.68832
2 12  1.71669
2 13  1.74039
2 14  1.76032
2 15  1.77717
2 16  1.79144
2 17  1.80351
2 18  1.81371
2 19  1.82227
2 20  1.82938
2 21  1.83518
2 22  1.8398
2 23  1.84332
2 24  1.8458
2 25  1.84728
2 26  1.84779
2 27  1.84732
2 28  1.84587
2 29  1.8434
2 30  1.83984
2 31  1.83512
2 32  1.82912
2 33  1.82169
2 34  1.81265
2 35  1.80175
2 36  1.78866
2 37  1.77298
2 38  1.75413
2 39  1.73139
2 40  1.70371
2 41  1.66964
2 42  1.62707
2 43  1.57279
2 44  1.50176
2 45  1.4057
2 46  1.27036
2 47  1.07046
2 48  0.758659
2 49  0.290716
2 50  -1
  
3 0  -2
3 1  -0.418728
3 2  0.139004
3 3  0.516873
3 4  0.789967
3 5  0.990796
3 6  1.14175
3 7  1.25792
3 8  1.34929
3 9  1.42254
3 10  1.48219
3 11  1.5314
3 12  1.57241
3 13  1.60686
3 14  1.63596
3 15  1.66062
3 16  1.68157
3 17  1.69934
3 18  1.71437
3 19  1.727
3 20  1.7375
3 21  1.74609
3 22  1.75292
3 23  1.75813
3 24  1.76181
3 25  1.76401
3 26  1.76477
3 27  1.7641
3 28  1.76196
3 29  1.75832
3 30  1.75307
3 31  1.74611
3 32  1.73727
3 33  1.72635
3 34  1.71307
3 35  1.69709
3 36  1.67795
3 37  1.65509
3 38  1.62774
3 39  1.59489
3 40  1.5552
3 41  1.5068
3 42  1.44707
3 43  1.37224
3 44  1.27676
3 45  1.15229
3 46  0.986268
3 47  0.760231
3 48  0.447427
3 49  0.0536921
3 50  -1
  
4 0  -2
4 1  -0.569746
4 2  -0.0952445
4 3  0.254178
4 4  0.528934
4 5  0.744775
4 6  0.915226
4 7  1.05125
4 8  1.16113
4 9  1.25097
4 10  1.32522
4 11  1.38716
4 12  1.43923
4 13  1.48326
4 14  1.52065
4 15  1.55249
4 16  1.57961
4 17  1.60268
4 18  1.62225
4 19  1.63872
4 20  1.65244
4 21  1.66367
4 22  1.67262
4 23  1.67945
4 24  1.68427
4 25  1.68717
4 26  1.68818
4 27  1.68732
4 28  1.68454
4 29  1.67979
4 30  1.67296
4 31  1.6639
4 32  1.65241
4 33  1.63823
4 34  1.62103
4 35  1.60038
4 36  1.57574
4 37  1.54641
4 38  1.51151
4 39  1.46989
4 40  1.42002
4 41  1.35988
4 42  1.28675
4 43  1.19692
4 44  1.08531
4 45  0.94503
4 46  0.766936
4 47  0.53995
4 48  0.251293
4 49  -0.0727145
4 50  -1
  
5 0  -2
5 1  -0.661967
5 2  -0.251965
5 3  0.063394
5 4  0.326312
5 5  0.54367
5 6  0.722601
5 7  0.870158
5 8  0.992449
5 9  1.09444
5 10  1.18005
5 11  1.25235
5 12  1.3137
5 13  1.36598
5 14  1.41065
5 15  1.44887
5 16  1.48156
5 17  1.50947
5 18  1.5332
5 19  1.55322
5 20  1.56993
5 21  1.58363
5 22  1.59457
5 23  1.60292
5 24  1.60884
5 25  1.61241
5 26  1.61367
5 27  1.61264
5 28  1.60928
5 29  1.60352
5 30  1.59523
5 31  1.58424
5 32  1.57033
5 33  1.55319
5 34  1.53244
5 35  1.50762
5 36  1.47811
5 37  1.44316
5 38  1.40182
5 39  1.35288
5 40  1.2948
5 41  1.22562
5 42  1.14278
5 43  1.04302
5 44  0.922228
5 45  0.775298
5 46  0.596364
5 47  0.37967
5 48  0.119828
5 49  -0.150004
5 50  -1
  
6 0  -2
6 1  -0.723367
6 2  -0.361923
6 3  -0.0780778
6 4  0.168345
6 5  0.380091
6 6  0.560381
6 7  0.713321
6 8  0.843048
6 9  0.953297
6 10  1.04726
6 11  1.12758
6 12  1.19643
6 13  1.25557
6 14  1.30643
6 15  1.35019
6 16  1.38779
6 17  1.42001
6 18  1.44749
6 19  1.47074
6 20  1.49018
6 21  1.50616
6 22  1.51893
6 23  1.5287
6 24  1.53564
6 25  1.53983
6 26  1.54134
6 27  1.54018
6 28  1.5363
6 29  1.52963
6 30  1.52003
6 31  1.50732
6 32  1.49123
6 33  1.47147
6 34  1.4476
6 35  1.41914
6 36  1.38546
6 37  1.34577
6 38  1.29914
6 39  1.24437
6 40  1.18002
6 41  1.10428
6 42  1.01497
6 43  0.909425
6 44  0.784551
6 45  0.636901
6 46  0.463055
6 47  0.260522
6 48  0.0273588
6 49  -0.20159
6 50  -1
  
7 0  -2
7 1  -0.766839
7 2  -0.442257
7 3  -0.185384
7 4  0.0439896
7 5  0.246887
7 6  0.42434
7 7  0.578475
7 8  0.711893
7 9  0.827231
7 10  0.92694
7 11  1.01319
7 12  1.08785
7 13  1.15251
7 14  1.2085
7 15  1.25694
7 16  1.29876
7 17  1.33474
7 18  1.36553
7 19  1.39165
7 20  1.41355
7 21  1.43158
7 22  1.44602
7 23  1.4571
7 24  1.46498
7 25  1.46976
7 26  1.47151
7 27  1.47025
7 28  1.46592
7 29  1.45845
7 30  1.4477
7 31  1.43347
7 32  1.4155
7 33  1.39345
7 34  1.36691
7 35  1.33537
7 36  1.29821
7 37  1.25468
7 38  1.20386
7 39  1.14465
7 40  1.07575
7 41  0.995624
7 42  0.902465
7 43  0.794244
7 44  0.66877
7 45  0.523882
7 46  0.35781
7 47  0.169886
7 48  -0.0403967
7 49  -0.238222
7 50  -1
  
8 0  -2
8 1  -0.799031
8 2  -0.502936
8 3  -0.268558
8 4  -0.055095
8 5  0.137885
8 6  0.310266
8 7  0.462934
8 8  0.597388
8 9  0.715387
8 10  0.818725
8 11  0.909108
8 12  0.988082
8 13  1.05702
8 14  1.11712
8 15  1.16942
8 16  1.21479
8 17  1.25398
8 18  1.28763
8 19  1.31627
8 20  1.34034
8 21  1.3602
8 22  1.37614
8 23  1.3884
8 24  1.39713
8 25  1.40246
8 26  1.40445
8 27  1.40311
8 28  1.39841
8 29  1.39027
8 30  1.37852
8 31  1.36299
8 32  1.3434
8 33  1.31943
8 34  1.29066
8 35  1.25659
8 36  1.21664
8 37  1.17008
8 38  1.11608
8 39  1.05367
8 40  0.981717
8 41  0.898946
8 42  0.803952
8 43  0.69525
8 44  0.571382
8 45  0.431105
8 46  0.273683
8 47  0.0994055
8 48  -0.0917423
8 49  -0.265439
8 50  -1
  
9 0  -2
9 1  -0.823685
9 2  -0.55002
9 3  -0.334289
9 4  -0.135032
9 5  0.0480834
9 6  0.214384
9 7  0.364012
9 8  0.497717
9 9  0.6166
9 10  0.721919
9 11  0.814964
9 12  0.896977
9 13  0.96911
9 14  1.0324
9 15  1.08778
9 16  1.13606
9 17  1.17793
9 18  1.21402
9 19  1.24482
9 20  1.27077
9 21  1.29224
9 22  1.3095
9 23  1.32281
9 24  1.33231
9 25  1.33814
9 26  1.34037
9 27  1.33899
9 28  1.33399
9 29  1.32528
9 30  1.31271
9 31  1.29608
9 32  1.27516
9 33  1.2496
9 34  1.21902
9 35  1.18294
9 36  1.14081
9 37  1.09198
9 38  1.03571
9 39  0.971137
9 40  0.897336
9 41  0.813285
9 42  0.717923
9 43  0.610213
9 44  0.489246
9 45  0.354405
9 46  0.205575
9 47  0.0435073
9 48  -0.131728
9 49  -0.286359
9 50  -1
  
10 0  -2
10 1  -0.843061
10 2  -0.587362
10 3  -0.387114
10 4  -0.200286
10 5  -0.0264461
10 6  0.133493
10 7  0.279244
10 8  0.411068
10 9  0.52959
10 10  0.635652
10 11  0.7302
10 12  0.814202
10 13  0.888601
10 14  0.954283
10 15  1.01206
10 16  1.06265
10 17  1.10672
10 18  1.14482
10 19  1.17744
10 20  1.20501
10 21  1.22785
10 22  1.24628
10 23  1.2605
10 24  1.2707
10 25  1.27698
10 26  1.27943
10 27  1.27805
10 28  1.27282
10 29  1.26365
10 30  1.2504
10 31  1.2329
10 32  1.21089
10 33  1.18407
10 34  1.15207
10 35  1.11445
10 36  1.0707
10 37  1.02026
10 38  0.962457
10 39  0.896591
10 40  0.821895
10 41  0.737578
10 42  0.64287
10 43  0.53708
10 44  0.419697
10 45  0.290512
10 46  0.149766
10 47  -0.00158715
10 48  -0.163563
10 49  -0.302864
10 50  -1
  
11 0  -2
11 1  -0.858598
11 2  -0.617503
11 3  -0.430177
11 4  -0.254125
11 5  -0.0887518
11 6  0.0649529
11 7  0.20647
11 8  0.335746
11 9  0.453075
11 10  0.558987
11 11  0.654149
11 12  0.739303
11 13  0.815202
11 14  0.882587
11 15  0.942156
11 16  0.994553
11 17  1.04036
11 18  1.0801
11 19  1.11423
11 20  1.14314
11 21  1.16716
11 22  1.18658
11 23  1.2016
11 24  1.2124
11 25  1.2191
11 26  1.22176
11 27  1.2204
11 28  1.21501
11 29  1.20548
11 30  1.19171
11 31  1.17352
11 32  1.15066
11 33  1.12287
11 34  1.0898
11 35  1.05105
11 36  1.00618
11 37  0.954665
11 38  0.895964
11 39  0.829483
11 40  0.754615
11 41  0.670762
11 42  0.577385
11 43  0.474056
11 44  0.360539
11 45  0.236887
11 46  0.103536
11 47  -0.0384971
11 48  -0.189364
11 49  -0.316153
11 50  -1
  
12 0  -2
12 1  -0.871258
12 2  -0.642184
12 3  -0.465705
12 4  -0.298963
12 5  -0.141191
12 6  0.00662542
12 7  0.143849
12 8  0.270233
12 9  0.385846
12 10  0.490985
12 11  0.586107
12 12  0.671761
12 13  0.748544
12 14  0.817065
12 15  0.877916
12 16  0.931661
12 17  0.978819
12 18  1.01986
12 19  1.05521
12 20  1.08522
12 21  1.11023
12 22  1.13047
12 23  1.14618
12 24  1.15751
12 25  1.16457
12 26  1.16744
12 27  1.16613
12 28  1.16062
12 29  1.15085
12 30  1.13668
12 31  1.11796
12 32  1.09448
12 33  1.06598
12 34  1.03215
12 35  0.992629
12 36  0.947027
12 37  0.894905
12 38  0.835799
12 39  0.769228
12 40  0.694718
12 41  0.611831
12 42  0.520206
12 43  0.419608
12 44  0.30999
12 45  0.191566
12 46  0.0648728
12 47  -0.0690784
12 48  -0.210582
12 49  -0.327029
12 50  -1
  
13 0  -2
13 1  -0.881706
13 2  -0.66263
13 3  -0.49531
13 4  -0.336606
13 5  -0.185593
13 6  -0.0432147
13 7  0.0898385
13 8  0.213205
13 9  0.326799
13 10  0.430756
13 11  0.525367
13 12  0.611033
13 13  0.688216
13 14  0.757412
13 15  0.819121
13 16  0.873828
13 17  0.921992
13 18  0.964036
13 19  1.00034
13 20  1.03125
13 21  1.05705
13 22  1.07799
13 23  1.09428
13 24  1.10605
13 25  1.11344
13 26  1.1165
13 27  1.11526
13 28  1.1097
13 29  1.09975
13 30  1.08531
13 31  1.06623
13 32  1.04231
13 33  1.01332
13 34  0.978987
13 35  0.938997
13 36  0.893004
13 37  0.840636
13 38  0.78151
13 39  0.715239
13 40  0.641461
13 41  0.559866
13 42  0.470227
13 43  0.372449
13 44  0.266612
13 45  0.153026
13 46  0.0322713
13 47  -0.0946746
13 48  -0.228238
13 49  -0.336045
13 50  -1
  
14 0  -2
14 1  -0.890418
14 2  -0.679727
14 3  -0.52018
14 4  -0.368419
14 5  -0.223381
14 6  -0.0859549
14 7  0.0431545
14 8  0.163519
14 9  0.274955
14 10  0.377477
14 11  0.471256
14 12  0.556575
14 13  0.633789
14 14  0.703297
14 15  0.765516
14 16  0.820865
14 17  0.869744
14 18  0.912532
14 19  0.949574
14 20  0.98118
14 21  1.00762
14 22  1.02913
14 23  1.04589
14 24  1.05805
14 25  1.06572
14 26  1.06897
14 27  1.06781
14 28  1.06224
14 29  1.05219
14 30  1.03757
14 31  1.01825
14 32  0.994057
14 33  0.964774
14 34  0.930162
14 35  0.889946
14 36  0.84383
14 37  0.791501
14 38  0.732644
14 39  0.666953
14 40  0.594159
14 41  0.514048
14 42  0.426497
14 43  0.331508
14 44  0.229246
14 45  0.120077
14 46  0.00459228
14 47  -0.116277
14 48  -0.24307
14 49  -0.343597
14 50  -1
  
15 0  -2
15 1  -0.897738
15 2  -0.694129
15 3  -0.541209
15 4  -0.395449
15 5  -0.255673
15 6  -0.122712
15 7  0.00273552
15 8  0.120206
15 9  0.229451
15 10  0.330405
15 11  0.423146
15 12  0.507868
15 13  0.584838
15 14  0.654376
15 15  0.716832
15 16  0.77256
15 17  0.821913
15 18  0.865225
15 19  0.902809
15 20  0.934946
15 21  0.961885
15 22  0.98384
15 23  1.00099
15 24  1.01347
15 25  1.02139
15 26  1.0248
15 27  1.02374
15 28  1.0182
15 29  1.00811
15 30  0.993411
15 31  0.973967
15 32  0.949628
15 33  0.920208
15 34  0.885494
15 35  0.845249
15 36  0.799219
15 37  0.747143
15 38  0.688765
15 39  0.623846
15 40  0.552189
15 41  0.473657
15 42  0.388204
15 43  0.295899
15 44  0.196962
15 45  0.0917874
15 46  -0.019038
15 47  -0.134631
15 48  -0.255626
15 49  -0.349974
15 50  -1
  
16 0  -2
16 1  -0.903928
16 2  -0.706328
16 3  -0.559075
16 4  -0.418506
16 5  -0.283351
16 6  -0.154387
16 7  -0.0322953
16 8  0.0824446
16 9  0.189544
16 10  0.288879
16 11  0.380465
16 12  0.464423
16 13  0.540953
16 14  0.610312
16 15  0.672789
16 16  0.728688
16 17  0.778316
16 18  0.821971
16 19  0.859932
16 20  0.892455
16 21  0.91977
16 22  0.942074
16 23  0.959533
16 24  0.972278
16 25  0.980406
16 26  0.983979
16 27  0.983024
16 28  0.977533
16 29  0.967465
16 30  0.952746
16 31  0.933268
16 32  0.908896
16 33  0.879467
16 34  0.844793
16 35  0.804671
16 36  0.758885
16 37  0.707219
16 38  0.649463
16 39  0.585437
16 40  0.514998
16 41  0.43807
16 42  0.35466
16 43  0.264887
16 44  0.169004
16 45  0.067418
16 46  -0.0392972
16 47  -0.150303
16 48  -0.266315
16 49  -0.355394
16 50  -1
  
17 0  -2
17 1  -0.909181
17 2  -0.716699
17 3  -0.574302
17 4  -0.438225
17 5  -0.307118
17 6  -0.181709
17 7  -0.0626609
17 8  0.0495438
17 9  0.154592
17 10  0.252321
17 11  0.342698
17 12  0.425792
17 13  0.501751
17 14  0.570778
17 15  0.633114
17 16  0.68902
17 17  0.738765
17 18  0.782612
17 19  0.820813
17 20  0.853601
17 21  0.881186
17 22  0.903751
17 23  0.92145
17 24  0.934407
17 25  0.942714
17 26  0.946431
17 27  0.945585
17 28  0.940174
17 29  0.930161
17 30  0.915483
17 31  0.896045
17 32  0.871728
17 33  0.842388
17 34  0.807864
17 35  0.76798
17 36  0.722552
17 37  0.671402
17 38  0.614361
17 39  0.551292
17 40  0.482099
17 41  0.406748
17 42  0.325287
17 43  0.237867
17 44  0.144761
17 45  0.0463818
17 46  -0.0567159
17 47  -0.163734
17 48  -0.275452
17 49  -0.360019
17 50  -1
  
18 0  -2
18 1  -0.913651
18 2  -0.725534
18 3  -0.587301
18 4  -0.455105
18 5  -0.327533
18 6  -0.205271
18 7  -0.0889578
18 8  0.0209237
18 9  0.124047
18 10  0.220225
18 11  0.30939
18 12  0.391571
18 13  0.466875
18 14  0.535465
18 15  0.597542
18 16  0.653331
18 17  0.703068
18 18  0.746987
18 19  0.785316
18 20  0.818267
18 21  0.846033
18 22  0.868783
18 23  0.886662
18 24  0.899786
18 25  0.908241
18 26  0.912088
18 27  0.911353
18 28  0.906037
18 29  0.89611
18 30  0.881517
18 31  0.862176
18 32  0.837981
18 33  0.808807
18 34  0.774514
18 35  0.734949
18 36  0.689958
18 37  0.639391
18 38  0.583116
18 39  0.521027
18 40  0.453065
18 41  0.379229
18 42  0.299595
18 43  0.214337
18 44  0.123738
18 45  0.0282082
18 46  -0.0717137
18 47  -0.175266
18 48  -0.283281
18 49  -0.363978
18 50  -1
  
19 0  -2
19 1  -0.917453
19 2  -0.733059
19 3  -0.598393
19 4  -0.469543
19 5  -0.345046
19 6  -0.225551
19 7  -0.111677
19 8  -0.00390051
19 9  0.0974454
19 10  0.192156
19 11  0.280141
19 12  0.361398
19 13  0.436005
19 14  0.504091
19 15  0.565826
19 16  0.621405
19 17  0.671037
19 18  0.714934
19 19  0.753299
19 20  0.786329
19 21  0.814201
19 22  0.837073
19 23  0.855079
19 24  0.868329
19 25  0.876906
19 26  0.880867
19 27  0.880241
19 28  0.875031
19 29  0.865213
19 30  0.850739
19 31  0.831537
19 32  0.807514
19 33  0.778561
19 34  0.744554
19 35  0.705363
19 36  0.660857
19 37  0.610911
19 38  0.555418
19 39  0.494302
19 40  0.427528
19 41  0.35512
19 42  0.277176
19 43  0.193881
19 44  0.105527
19 45  0.0125187
19 46  -0.0846243
19 47  -0.185169
19 48  -0.289993
19 49  -0.367367
19 50  -1
  
20 0  -2
20 1  -0.920681
20 2  -0.739452
20 3  -0.607832
20 4  -0.481855
20 5  -0.360019
20 6  -0.242941
20 7  -0.131223
20 8  -0.0253326
20 9  0.0743938
20 10  0.167742
20 11  0.254602
20 12  0.334954
20 13  0.40885
20 14  0.476395
20 15  0.537734
20 16  0.593038
20 17  0.642494
20 18  0.686293
20 19  0.724624
20 20  0.757664
20 21  0.78558
20 22  0.808518
20 23  0.826606
20 24  0.839946
20 25  0.848619
20 26  0.852681
20 27  0.852159
20 28  0.847061
20 29  0.837367
20 30  0.823034
20 31  0.804001
20 32  0.780185
20 33  0.751489
20 34  0.717807
20 35  0.679024
20 36  0.635027
20 37  0.585712
20 38  0.530995
20 39  0.470818
20 40  0.405168
20 41  0.334087
20 42  0.257685
20 43  0.176159
20 44  0.0898003
20 45  -0.000992558
20 46  -0.0957146
20 47  -0.193659
20 48  -0.295738
20 49  -0.370266
20 50  -1
  
21 0  -2
21 1  -0.923406
21 2  -0.744854
21 3  -0.615818
21 4  -0.492293
21 5  -0.372741
21 6  -0.257757
21 7  -0.147926
21 8  -0.043707
21 9  0.0545632
21 10  0.146664
21 11  0.232475
21 12  0.311961
21 13  0.385155
21 14  0.452145
21 15  0.513056
21 16  0.568042
21 17  0.61727
21 18  0.660915
21 19  0.699152
21 20  0.732148
21 21  0.760056
21 22  0.783015
21 23  0.801144
21 24  0.814544
21 25  0.82329
21 26  0.827436
21 27  0.827013
21 28  0.822028
21 29  0.812466
21 30  0.79829
21 31  0.779444
21 32  0.755858
21 33  0.727443
21 34  0.694106
21 35  0.655745
21 36  0.612263
21 37  0.563573
21 38  0.509605
21 39  0.450318
21 40  0.385714
21 41  0.315847
21 42  0.240838
21 43  0.160887
21 44  0.0762866
21 45  -0.0125722
21 46  -0.105198
21 47  -0.200906
21 48  -0.300635
21 49  -0.372735
21 50  -1
  
22 0  -2
22 1  -0.925685
22 2  -0.749376
22 3  -0.622511
22 4  -0.501055
22 5  -0.383445
22 6  -0.270254
22 7  -0.162055
22 8  -0.0592985
22 9  0.0376803
22 10  0.128658
22 11  0.213506
22 12  0.292179
22 13  0.364698
22 14  0.431136
22 15  0.491605
22 16  0.546244
22 17  0.595207
22 18  0.638657
22 19  0.676756
22 20  0.709662
22 21  0.737519
22 22  0.760459
22 23  0.778597
22 24  0.792027
22 25  0.800825
22 26  0.805041
22 27  0.804708
22 28  0.799834
22 29  0.790406
22 30  0.776395
22 31  0.757749
22 32  0.734404
22 33  0.706281
22 34  0.673297
22 35  0.63536
22 36  0.592386
22 37  0.544298
22 38  0.491039
22 39  0.432581
22 40  0.368935
22 41  0.300165
22 42  0.226397
22 43  0.147835
22 44  0.0647675
22 45  -0.0224192
22 46  -0.113246
22 47  -0.207046
22 48  -0.304779
22 49  -0.374822
22 50  -1
  
23 0  -2
23 1  -0.927562
23 2  -0.753102
23 3  -0.628034
23 4  -0.508299
23 5  -0.392313
23 6  -0.280636
23 7  -0.173826
23 8  -0.0723295
23 9  0.0235217
23 10  0.113503
23 11  0.197481
23 12  0.275405
23 13  0.347286
23 14  0.413189
23 15  0.473215
23 16  0.527492
23 17  0.576165
23 18  0.619388
23 19  0.657314
23 20  0.690092
23 21  0.717862
23 22  0.74075
23 23  0.758866
23 24  0.772302
23 25  0.78113
23 26  0.785402
23 27  0.785148
23 28  0.78038
23 29  0.771088
23 30  0.757243
23 31  0.738801
23 32  0.715701
23 33  0.687874
23 34  0.65524
23 35  0.617719
23 36  0.575234
23 37  0.527716
23 38  0.475118
23 39  0.417419
23 40  0.354639
23 41  0.286845
23 42  0.214169
23 43  0.136813
23 44  0.0550668
23 45  -0.0306922
23 46  -0.119994
23 47  -0.212185
23 48  -0.308244
23 49  -0.376567
23 50  -1
  
24 0  -2
24 1  -0.92907
24 2  -0.7561
24 3  -0.632483
24 4  -0.514145
24 5  -0.399488
24 6  -0.289059
24 7  -0.183408
24 8  -0.0829763
24 9  0.0119083
24 10  0.101021
24 11  0.184227
24 12  0.261471
24 13  0.33276
24 14  0.398151
24 15  0.457741
24 16  0.51165
24 17  0.560016
24 18  0.602988
24 19  0.640712
24 20  0.673333
24 21  0.700986
24 22  0.723792
24 23  0.741859
24 24  0.755277
24 25  0.764116
24 26  0.768428
24 27  0.768243
24 28  0.763574
24 29  0.754412
24 30  0.740733
24 31  0.722493
24 32  0.699639
24 33  0.672103
24 34  0.639812
24 35  0.60269
24 36  0.560667
24 37  0.513681
24 38  0.461689
24 39  0.404676
24 40  0.342665
24 41  0.275727
24 42  0.203996
24 43  0.127673
24 44  0.0470448
24 45  -0.0375163
24 46  -0.125549
24 47  -0.216408
24 48  -0.311087
24 49  -0.377997
24 50  -1
  
25 0  -2
25 1  -0.930234
25 2  -0.758416
25 3  -0.635927
25 4  -0.518683
25 5  -0.405075
25 6  -0.295642
25 7  -0.19093
25 8  -0.0913733
25 9  0.00270205
25 10  0.0910726
25 11  0.173605
25 12  0.250241
25 13  0.320986
25 14  0.385895
25 15  0.445061
25 16  0.498601
25 17  0.54665
25 18  0.589351
25 19  0.62685
25 20  0.659287
25 21  0.686794
25 22  0.709492
25 23  0.727485
25 24  0.740863
25 25  0.749694
25 26  0.754031
25 27  0.753903
25 28  0.749325
25 29  0.740288
25 30  0.726769
25 31  0.708729
25 32  0.686114
25 33  0.658861
25 34  0.6269
25 35  0.590158
25 36  0.548568
25 37  0.50207
25 38  0.450626
25 39  0.394223
25 40  0.332885
25 41  0.266685
25 42  0.195755
25 43  0.120298
25 44  0.0405941
25 45  -0.0429866
25 46  -0.129989
25 47  -0.219777
25 48  -0.313352
25 49  -0.379135
25 50  -1
  
26 0  -2
26 1  -0.93107
26 2  -0.760082
26 3  -0.638412
26 4  -0.521971
26 5  -0.409144
26 6  -0.300467
26 7  -0.196481
26 8  -0.0976166
26 9  -0.00419741
26 10  0.0835555
26 11  0.16551
26 12  0.24161
26 13  0.311861
26 14  0.376319
26 15  0.435075
26 16  0.488247
26 17  0.53597
26 18  0.578385
26 19  0.615636
26 20  0.647865
26 21  0.675201
26 22  0.697764
26 23  0.71566
26 24  0.728975
26 25  0.737781
26 26  0.742126
26 27  0.742044
26 28  0.737546
26 29  0.728627
26 30  0.715264
26 31  0.697417
26 32  0.675036
26 33  0.648056
26 34  0.616409
26 35  0.580025
26 36  0.538835
26 37  0.492783
26 38  0.441828
26 39  0.385959
26 40  0.325199
26 41  0.259621
26 42  0.189355
26 43  0.114601
26 44  0.0356363
26 45  -0.0471721
26 46  -0.133374
26 47  -0.222337
26 48  -0.315069
26 49  -0.379997
26 50  -1
  
27 0  -2
27 1  -0.931587
27 2  -0.761116
27 3  -0.639965
27 4  -0.524043
27 5  -0.411738
27 6  -0.303582
27 7  -0.200115
27 8  -0.101766
27 9  -0.00885423
27 10  0.0784012
27 11  0.159872
27 12  0.235505
27 13  0.30531
27 14  0.369345
27 15  0.427705
27 16  0.480509
27 17  0.527895
27 18  0.570007
27 19  0.60699
27 20  0.638985
27 21  0.666124
27 22  0.688528
27 23  0.706302
27 24  0.719534
27 25  0.728295
27 26  0.732634
27 27  0.732584
27 28  0.728158
27 29  0.71935
27 30  0.706136
27 31  0.688477
27 32  0.666321
27 33  0.639604
27 34  0.608258
27 35  0.572209
27 36  0.531389
27 37  0.485739
27 38  0.435218
27 39  0.37981
27 40  0.319537
27 41  0.254469
27 42  0.184732
27 43  0.110524
27 44  0.0321202
27 45  -0.0501168
27 46  -0.135739
27 47  -0.224116
27 48  -0.316257
27 49  -0.380591
27 50  -1
  
28 0  -2
28 1  -0.931785
28 2  -0.76152
28 3  -0.640589
28 4  -0.524908
28 5  -0.412867
28 6  -0.305001
28 7  -0.201851
28 8  -0.103844
28 9  -0.0112972
28 10  0.0755753
28 11  0.15665
28 12  0.231881
28 13  0.301282
28 14  0.364918
28 15  0.422891
28 16  0.475325
28 17  0.522362
28 18  0.564151
28 19  0.600841
28 20  0.632576
28 21  0.659491
28 22  0.68171
28 23  0.699337
28 24  0.712463
28 25  0.72116
28 26  0.725477
28 27  0.725448
28 28  0.721084
28 29  0.712379
28 30  0.699309
28 31  0.681833
28 32  0.659897
28 33  0.633436
28 34  0.602378
28 35  0.566646
28 36  0.526168
28 37  0.480882
28 38  0.430741
28 39  0.375726
28 40  0.315853
28 41  0.251188
28 42  0.181852
28 43  0.108039
28 44  0.0300208
28 45  -0.051841
28 46  -0.137099
28 47  -0.225124
28 48  -0.316923
28 49  -0.380923
28 50  -1
  
29 0  -2
29 1  -0.931659
29 2  -0.761283
29 3  -0.640269
29 4  -0.524545
29 5  -0.412509
29 6  -0.304704
29 7  -0.201671
29 8  -0.103839
29 9  -0.0115197
29 10  0.0750778
29 11  0.155838
29 12  0.230721
29 13  0.299754
29 14  0.363009
29 15  0.420596
29 16  0.47265
29 17  0.51932
29 18  0.560761
29 19  0.597129
29 20  0.628574
29 21  0.655236
29 22  0.677239
29 23  0.694693
29 24  0.707691
29 25  0.716303
29 26  0.720583
29 27  0.720562
29 28  0.716252
29 29  0.707646
29 30  0.694716
29 31  0.677421
29 32  0.655703
29 33  0.629493
29 34  0.598714
29 35  0.563285
29 36  0.523127
29 37  0.478172
29 38  0.428365
29 39  0.373681
29 40  0.314128
29 41  0.249764
29 42  0.180706
29 43  0.107141
29 44  0.0293394
29 45  -0.0523406
29 46  -0.13745
29 47  -0.225358
29 48  -0.317064
29 49  -0.380988
29 50  -1
  
30 0  -2
30 1  -0.931194
30 2  -0.760376
30 3  -0.638965
30 4  -0.522906
30 5  -0.410612
30 6  -0.302636
30 7  -0.199522
30 8  -0.1017
30 9  -0.00947821
30 10  0.0769434
30 11  0.157459
30 12  0.232041
30 13  0.300729
30 14  0.363608
30 15  0.420802
30 16  0.472456
30 17  0.518731
30 18  0.559793
30 19  0.595805
30 20  0.626924
30 21  0.653296
30 22  0.675052
30 23  0.692304
30 24  0.705147
30 25  0.713655
30 26  0.717882
30 27  0.717858
30 28  0.713595
30 29  0.705083
30 30  0.692294
30 31  0.675182
30 32  0.653684
30 33  0.627726
30 34  0.597225
30 35  0.562092
30 36  0.52224
30 37  0.477591
30 38  0.428082
30 39  0.373675
30 40  0.31437
30 41  0.250215
30 42  0.181317
30 43  0.107859
30 44  0.0301055
30 45  -0.051586
30 46  -0.136765
30 47  -0.224793
30 48  -0.316662
30 49  -0.380779
30 50  -1
  
31 0  -2
31 1  -0.930366
31 2  -0.758753
31 3  -0.63661
31 4  -0.519909
31 5  -0.407084
31 6  -0.2987
31 7  -0.195308
31 8  -0.0973377
31 9  -0.0050906
31 10  0.081243
31 11  0.161571
31 12  0.235884
31 13  0.304236
31 14  0.366731
31 15  0.423509
31 16  0.474732
31 17  0.520574
31 18  0.561213
31 19  0.596825
31 20  0.627576
31 21  0.653618
31 22  0.675088
31 23  0.692105
31 24  0.704767
31 25  0.713148
31 26  0.717305
31 27  0.717267
31 28  0.713046
31 29  0.704629
31 30  0.691985
31 31  0.675062
31 32  0.653794
31 33  0.628097
31 34  0.597881
31 35  0.563047
31 36  0.523498
31 37  0.479142
31 38  0.429904
31 39  0.375732
31 40  0.316614
31 41  0.252584
31 42  0.183738
31 43  0.11025
31 44  0.0323785
31 45  -0.0495196
31 46  -0.13499
31 47  -0.223387
31 48  -0.315687
31 49  -0.38028
31 50  -1
  
32 0  -2
32 1  -0.92914
32 2  -0.756345
32 3  -0.633109
32 4  -0.515438
32 5  -0.401793
32 6  -0.292756
32 7  -0.188888
32 8  -0.0906157
32 9  0.00176752
32 10  0.0880864
32 11  0.168268
32 12  0.242324
32 13  0.31033
32 14  0.372415
32 15  0.428738
32 16  0.479481
32 17  0.524837
32 18  0.564999
32 19  0.600156
32 20  0.630485
32 21  0.656148
32 22  0.677291
32 23  0.694035
32 24  0.706484
32 25  0.714716
32 26  0.718786
32 27  0.718726
32 28  0.714544
32 29  0.706225
32 30  0.693735
32 31  0.677016
32 32  0.655993
32 33  0.630576
32 34  0.600663
32 35  0.566144
32 36  0.526907
32 37  0.482846
32 38  0.433868
32 39  0.379905
32 40  0.320927
32 41  0.256949
32 42  0.188056
32 43  0.114406
32 44  0.0362522
32 45  -0.0460514
32 46  -0.132046
32 47  -0.221073
32 48  -0.314092
32 49  -0.379466
32 50  -1
  
33 0  -2
33 1  -0.927465
33 2  -0.753058
33 3  -0.628327
33 4  -0.509326
33 5  -0.394553
33 6  -0.284611
33 7  -0.180069
33 8  -0.081349
33 9  0.011267
33 10  0.0976251
33 11  0.177678
33 12  0.251466
33 13  0.319094
33 14  0.380718
33 15  0.436524
33 16  0.48672
33 17  0.531519
33 18  0.571133
33 19  0.605767
33 20  0.635611
33 21  0.660839
33 22  0.681603
33 23  0.698033
33 24  0.710235
33 25  0.718291
33 26  0.722258
33 27  0.722167
33 28  0.718025
33 29  0.709814
33 30  0.697493
33 31  0.680999
33 32  0.660249
33 33  0.635142
33 34  0.605564
33 35  0.57139
33 36  0.532492
33 37  0.488745
33 38  0.440035
33 39  0.386273
33 40  0.327403
33 41  0.263423
33 42  0.194394
33 43  0.120459
33 44  0.04186
33 45  -0.0410535
33 46  -0.127817
33 47  -0.217758
33 48  -0.31181
33 49  -0.378303
33 50  -1
  
34 0  -2
34 1  -0.925276
34 2  -0.748763
34 3  -0.622084
34 4  -0.501356
34 5  -0.385121
34 6  -0.274008
34 7  -0.168594
34 8  -0.0692946
34 9  0.0236305
34 10  0.110056
34 11  0.18997
34 12  0.263448
34 13  0.330634
34 14  0.391719
34 15  0.446922
34 16  0.496479
34 17  0.540629
34 18  0.579606
34 19  0.613634
34 20  0.642917
34 21  0.667642
34 22  0.687969
34 23  0.704036
34 24  0.715954
34 25  0.723807
34 26  0.727655
34 27  0.727527
34 28  0.723428
34 29  0.715338
34 30  0.703208
34 31  0.686971
34 32  0.666532
34 33  0.641779
34 34  0.612584
34 35  0.578804
34 36  0.540292
34 37  0.4969
34 38  0.448489
34 39  0.394942
34 40  0.336175
34 41  0.272157
34 42  0.202921
34 43  0.128588
34 44  0.049383
34 45  -0.0343516
34 46  -0.122147
34 47  -0.213313
34 48  -0.308749
34 49  -0.376743
34 50  -1
  
35 0  -2
35 1  -0.922483
35 2  -0.743288
35 3  -0.61414
35 4  -0.491236
35 5  -0.373175
35 6  -0.260614
35 7  -0.154137
35 8  -0.0541431
35 9  0.0391394
35 10  0.125627
35 11  0.205352
35 12  0.278442
35 13  0.345086
35 14  0.405518
35 15  0.459998
35 16  0.508796
35 17  0.552181
35 18  0.590413
35 19  0.623734
35 20  0.652366
35 21  0.676507
35 22  0.696331
35 23  0.71198
35 24  0.723572
35 25  0.731194
35 26  0.734904
35 27  0.734735
35 28  0.730688
35 29  0.722738
35 30  0.710832
35 31  0.694892
35 32  0.674815
35 33  0.650476
35 34  0.62173
35 35  0.588415
35 36  0.55036
35 37  0.507391
35 38  0.459339
35 39  0.406052
35 40  0.347411
35 41  0.283346
35 42  0.213855
35 43  0.139026
35 44  0.0590595
35 45  -0.0257146
35 46  -0.114826
35 47  -0.207562
35 48  -0.304784
35 49  -0.374719
35 50  -1
  
36 0  -2
36 1  -0.918966
36 2  -0.736405
36 3  -0.604177
36 4  -0.478585
36 5  -0.358297
36 6  -0.244002
36 7  -0.136282
36 8  -0.0355072
36 9  0.0581411
36 10  0.144637
36 11  0.224078
36 12  0.296651
36 13  0.362606
36 14  0.422231
36 15  0.475831
36 16  0.523719
36 17  0.566195
36 18  0.603548
36 19  0.636042
36 20  0.663917
36 21  0.687384
36 22  0.706628
36 23  0.721798
36 24  0.733017
36 25  0.740375
36 26  0.743933
36 27  0.74372
36 28  0.739737
36 29  0.731953
36 30  0.72031
36 31  0.704721
36 32  0.685073
36 33  0.661225
36 34  0.633015
36 35  0.600261
36 36  0.562764
36 37  0.520318
36 38  0.472719
36 39  0.419775
36 40  0.361319
36 41  0.297234
36 42  0.227471
36 43  0.152071
36 44  0.071199
36 45  -0.0148386
36 46  -0.105574
36 47  -0.200273
36 48  -0.299747
36 49  -0.372145
36 50  -1
  
37 0  -2
37 1  -0.914561
37 2  -0.727804
37 3  -0.59177
37 4  -0.462901
37 5  -0.339946
37 6  -0.223627
37 7  -0.114508
37 8  -0.0129094
37 9  0.0810567
37 10  0.167447
37 11  0.246442
37 12  0.31831
37 13  0.383375
37 14  0.441987
37 15  0.494509
37 16  0.541297
37 17  0.58269
37 18  0.619005
37 19  0.650531
37 20  0.677526
37 21  0.700216
37 22  0.718793
37 23  0.733416
37 24  0.744212
37 25  0.751273
37 26  0.754661
37 27  0.754404
37 28  0.750501
37 29  0.742917
37 30  0.731587
37 31  0.716415
37 32  0.697277
37 33  0.674018
37 34  0.646456
37 35  0.614385
37 36  0.577579
37 37  0.535795
37 38  0.488788
37 39  0.436313
37 40  0.378152
37 41  0.314123
37 42  0.244113
37 43  0.168103
37 44  0.0861994
37 45  -0.00132749
37 46  -0.0940239
37 47  -0.191135
37 48  -0.293411
37 49  -0.3689
37 50  -1
  
38 0  -2
38 1  -0.909048
38 2  -0.717069
38 3  -0.576354
38 4  -0.443523
38 5  -0.317423
38 6  -0.198795
38 7  -0.0881641
38 8  0.0142325
38 9  0.108389
38 10  0.194476
38 11  0.272784
38 12  0.343685
38 13  0.40759
38 14  0.464928
38 15  0.516122
38 16  0.56158
38 17  0.60168
38 18  0.636772
38 19  0.667168
38 20  0.693144
38 21  0.714938
38 22  0.732753
38 23  0.746754
38 24  0.757071
38 25  0.7638
38 26  0.767002
38 27  0.766704
38 28  0.762902
38 29  0.755558
38 30  0.7446
38 31  0.729925
38 32  0.711396
38 33  0.688844
38 34  0.662067
38 35  0.630835
38 36  0.59489
38 37  0.553951
38 38  0.507723
38 39  0.455905
38 40  0.398208
38 41  0.334375
38 42  0.264205
38 43  0.187594
38 44  0.104569
38 45  0.015335
38 46  -0.0796866
38 47  -0.179727
38 48  -0.285466
38 49  -0.364819
38 50  -1
  
39 0  -2
39 1  -0.902119
39 2  -0.703626
39 3  -0.55716
39 4  -0.419573
39 5  -0.289817
39 6  -0.16863
39 7  -0.0564499
39 8  0.0466198
39 9  0.140729
39 10  0.226204
39 11  0.303482
39 12  0.373061
39 13  0.43546
39 14  0.491194
39 15  0.540757
39 16  0.58461
39 17  0.623174
39 18  0.656829
39 19  0.68591
39 20  0.71071
39 21  0.731479
39 22  0.748427
39 23  0.761724
39 24  0.771504
39 25  0.777863
39 26  0.780862
39 27  0.780529
39 28  0.776854
39 29  0.769798
39 30  0.759282
39 31  0.745195
39 32  0.72739
39 33  0.705684
39 34  0.679857
39 35  0.649654
39 36  0.614783
39 37  0.574922
39 38  0.529722
39 39  0.478816
39 40  0.421832
39 41  0.358416
39 42  0.288259
39 43  0.211136
39 44  0.126956
39 45  0.0358218
39 46  -0.0619113
39 47  -0.16548
39 48  -0.275487
39 49  -0.359675
39 50  -1
  
40 0  -2
40 1  -0.893338
40 2  -0.686674
40 3  -0.533137
40 4  -0.389877
40 5  -0.255946
40 6  -0.132023
40 7  -0.0183826
40 8  0.0850851
40 9  0.178756
40 10  0.263167
40 11  0.338944
40 12  0.406737
40 13  0.467191
40 14  0.520919
40 15  0.568489
40 16  0.610416
40 17  0.647164
40 18  0.67914
40 19  0.706701
40 20  0.730152
40 21  0.749754
40 22  0.765721
40 23  0.778228
40 24  0.787408
40 25  0.793359
40 26  0.79614
40 27  0.795778
40 28  0.792262
40 29  0.785547
40 30  0.775552
40 31  0.762158
40 32  0.74521
40 33  0.724512
40 34  0.699828
40 35  0.670878
40 36  0.637339
40 37  0.598846
40 38  0.554992
40 39  0.505335
40 40  0.44941
40 41  0.386744
40 42  0.316887
40 43  0.239453
40 44  0.154181
40 45  0.0610117
40 46  -0.0398244
40 47  -0.14761
40 48  -0.262875
40 49  -0.353141
40 50  -1
  
41 0  -2
41 1  -0.88207
41 2  -0.665066
41 3  -0.502819
41 4  -0.35285
41 5  -0.214268
41 6  -0.0875812
41 7  0.0272266
41 8  0.130598
41 9  0.22323
41 10  0.305943
41 11  0.37959
41 12  0.445007
41 13  0.502977
41 14  0.554217
41 15  0.59937
41 16  0.639006
41 17  0.673622
41 18  0.703652
41 19  0.729468
41 20  0.751385
41 21  0.769668
41 22  0.784534
41 23  0.796159
41 24  0.804675
41 25  0.810178
41 26  0.812727
41 27  0.812346
41 28  0.809023
41 29  0.802709
41 30  0.793321
41 31  0.780736
41 32  0.764792
41 33  0.745284
41 34  0.721962
41 35  0.694526
41 36  0.662624
41 37  0.625849
41 38  0.583735
41 39  0.535763
41 40  0.48136
41 41  0.419915
41 42  0.350804
41 43  0.273427
41 44  0.18728
41 45  0.0920538
41 46  -0.0122429
41 47  -0.125022
41 48  -0.246774
41 49  -0.344744
41 50  -1
  
42 0  -2
42 1  -0.867359
42 2  -0.637114
42 3  -0.464122
42 4  -0.30633
42 5  -0.16277
42 6  -0.0335705
42 7  0.08179
42 8  0.184259
42 9  0.274976
42 10  0.355122
42 11  0.425829
42 12  0.488136
42 13  0.542976
42 14  0.591167
42 15  0.633421
42 16  0.670354
42 17  0.702493
42 18  0.730288
42 19  0.754118
42 20  0.774304
42 21  0.79111
42 22  0.804751
42 23  0.8154
42 24  0.823186
42 25  0.828202
42 26  0.830506
42 27  0.830118
42 28  0.827024
42 29  0.821176
42 30  0.812488
42 31  0.800837
42 32  0.786058
42 33  0.76794
42 34  0.746224
42 35  0.720596
42 36  0.69068
42 37  0.656033
42 38  0.616137
42 39  0.570392
42 40  0.518113
42 41  0.458536
42 42  0.390823
42 43  0.314106
42 44  0.227546
42 45  0.130449
42 46  0.0224482
42 47  -0.0961585
42 48  -0.225921
42 49  -0.333768
42 50  -1
  
43 0  -2
43 1  -0.847703
43 2  -0.600258
43 3  -0.41403
43 4  -0.247351
43 5  -0.0988463
43 6  0.0321309
43 7  0.146937
43 8  0.247261
43 9  0.334831
43 10  0.411269
43 11  0.478017
43 12  0.536332
43 13  0.587286
43 14  0.631789
43 15  0.67061
43 16  0.704395
43 17  0.733687
43 18  0.758942
43 19  0.780538
43 20  0.79879
43 21  0.813956
43 22  0.826247
43 23  0.835825
43 24  0.842816
43 25  0.847307
43 26  0.849352
43 27  0.848969
43 28  0.846145
43 29  0.840829
43 30  0.83294
43 31  0.822353
43 32  0.808907
43 33  0.792391
43 34  0.772544
43 35  0.749046
43 36  0.721507
43 37  0.689459
43 38  0.652338
43 39  0.609477
43 40  0.560082
43 41  0.503224
43 42  0.437833
43 43  0.362706
43 44  0.276561
43 45  0.178149
43 46  0.0664694
43 47  -0.0587598
43 48  -0.198397
43 49  -0.319086
43 50  -1
  
44 0  -2
44 1  -0.820607
44 2  -0.550455
44 3  -0.348084
44 4  -0.171831
44 5  -0.0191618
44 6  0.11204
44 7  0.22446
44 8  0.320816
44 9  0.403574
44 10  0.474849
44 11  0.536406
44 12  0.589697
44 13  0.635913
44 14  0.676029
44 15  0.710842
44 16  0.74101
44 17  0.767073
44 18  0.789476
44 19  0.808585
44 20  0.824701
44 21  0.838069
44 22  0.848884
44 23  0.857299
44 24  0.863432
44 25  0.867361
44 26  0.869136
44 27  0.868773
44 28  0.866257
44 29  0.861543
44 30  0.854549
44 31  0.84516
44 32  0.833219
44 33  0.818524
44 34  0.800821
44 35  0.779794
44 36  0.755053
44 37  0.72612
44 38  0.692407
44 39  0.653197
44 40  0.607607
44 41  0.554557
44 42  0.492734
44 43  0.420565
44 44  0.336211
44 45  0.237648
44 46  0.122879
44 47  -0.00948415
44 48  -0.161173
44 49  -0.29883
44 50  -1
  
45 0  -2
45 1  -0.781636
45 2  -0.481056
45 3  -0.259587
45 4  -0.0741985
45 5  0.0804119
45 6  0.208982
45 7  0.316168
45 8  0.406009
45 9  0.481799
45 10  0.546139
45 11  0.60107
45 12  0.648186
45 13  0.688742
45 14  0.723731
45 15  0.753945
45 16  0.780021
45 17  0.802472
45 18  0.821717
45 19  0.838094
45 20  0.851879
45 21  0.863294
45 22  0.872516
45 23  0.879682
45 24  0.884896
45 25  0.888229
45 26  0.889724
45 27  0.889395
45 28  0.887227
45 29  0.883178
45 30  0.877176
45 31  0.869113
45 32  0.858847
45 33  0.84619
45 34  0.830906
45 35  0.812696
45 36  0.791189
45 37  0.765919
45 38  0.736302
45 39  0.701602
45 40  0.660889
45 41  0.612974
45 42  0.556337
45 43  0.489035
45 44  0.408609
45 45  0.312041
45 46  0.195853
45 47  0.0566891
45 48  -0.109263
45 49  -0.269673
45 50  -1
  
46 0  -2
46 1  -0.722188
46 2  -0.380623
46 3  -0.138423
46 4  0.0529313
46 5  0.204671
46 6  0.325806
46 7  0.423607
46 8  0.503573
46 9  0.569755
46 10  0.625116
46 11  0.671841
46 12  0.711561
46 13  0.745509
46 14  0.774632
46 15  0.799665
46 16  0.821189
46 17  0.839666
46 18  0.855464
46 19  0.868881
46 20  0.880154
46 21  0.889476
46 22  0.896998
46 23  0.902836
46 24  0.907078
46 25  0.909784
46 26  0.91099
46 27  0.910708
46 28  0.908924
46 29  0.905602
46 30  0.90068
46 31  0.894064
46 32  0.88563
46 33  0.875217
46 34  0.862614
46 35  0.847559
46 36  0.829715
46 37  0.808657
46 38  0.783841
46 39  0.754565
46 40  0.719911
46 41  0.678664
46 42  0.629191
46 43  0.569277
46 44  0.495894
46 45  0.404926
46 46  0.290933
46 47  0.147349
46 48  -0.0340864
46 49  -0.22516
46 50  -1
  
47 0  -2
47 1  -0.623906
47 2  -0.228967
47 3  0.0301597
47 4  0.218424
47 5  0.358245
47 6  0.464553
47 7  0.547379
47 8  0.613365
47 9  0.666945
47 10  0.711137
47 11  0.748041
47 12  0.779159
47 13  0.805589
47 14  0.82815
47 15  0.847467
47 16  0.864025
47 17  0.878202
47 18  0.890298
47 19  0.900554
47 20  0.909159
47 21  0.916266
47 22  0.921995
47 23  0.926437
47 24  0.929661
47 25  0.931715
47 26  0.932625
47 27  0.932402
47 28  0.931034
47 29  0.928492
47 30  0.924726
47 31  0.919663
47 32  0.913202
47 33  0.905214
47 34  0.89553
47 35  0.883933
47 36  0.870148
47 37  0.853819
47 38  0.834484
47 39  0.811533
47 40  0.784148
47 41  0.75121
47 42  0.711147
47 43  0.661702
47 44  0.599557
47 45  0.519735
47 46  0.414725
47 47  0.273517
47 48  0.0794587
47 49  -0.151602
47 50  -1
  
48 0  -2
48 1  -0.438625
48 2  0.0137629
48 3  0.269618
48 4  0.434598
48 5  0.547565
48 6  0.628929
48 7  0.690067
48 8  0.737594
48 9  0.775535
48 10  0.806453
48 11  0.832045
48 12  0.853485
48 13  0.871603
48 14  0.887011
48 15  0.900163
48 16  0.911409
48 17  0.92102
48 18  0.929207
48 19  0.93614
48 20  0.941951
48 21  0.946745
48 22  0.950607
48 23  0.9536
48 24  0.95577
48 25  0.957151
48 26  0.957761
48 27  0.957606
48 28  0.956679
48 29  0.95496
48 30  0.952413
48 31  0.948987
48 32  0.944613
48 33  0.939199
48 34  0.932627
48 35  0.924742
48 36  0.915349
48 37  0.90419
48 38  0.890927
48 39  0.875107
48 40  0.856109
48 41  0.833058
48 42  0.804683
48 43  0.769067
48 44  0.723195
48 45  0.662111
48 46  0.577287
48 47  0.453605
48 48  0.262062
48 49  -0.0116286
48 50  -1
  
49 0  -2
49 1  -0.10233
49 2  0.346356
49 3  0.53838
49 4  0.643502
49 5  0.709249
49 6  0.75423
49 7  0.78702
49 8  0.812034
49 9  0.83176
49 10  0.8477
49 11  0.860818
49 12  0.87176
49 13  0.880977
49 14  0.888796
49 15  0.895458
49 16  0.901146
49 17  0.906001
49 18  0.910132
49 19  0.913628
49 20  0.916556
49 21  0.918971
49 22  0.920915
49 23  0.922421
49 24  0.923512
49 25  0.924206
49 26  0.924512
49 27  0.924433
49 28  0.923965
49 29  0.923098
49 30  0.921813
49 31  0.920084
49 32  0.917877
49 33  0.915142
49 34  0.91182
49 35  0.90783
49 36  0.90307
49 37  0.897405
49 38  0.890655
49 39  0.882579
49 40  0.872839
49 41  0.860952
49 42  0.846198
49 43  0.827452
49 44  0.80285
49 45  0.769083
49 46  0.719725
49 47  0.641015
49 48  0.497528
49 49  0.224855
49 50  -1
  
50 0  -2
50 1  2
50 2  2
50 3  2
50 4  2
50 5  2
50 6  2
50 7  2
50 8  2
50 9  2
50 10  2
50 11  2
50 12  2
50 13  2
50 14  2
50 15  2
50 16  2
50 17  2
50 18  2
50 19  2
50 20  2
50 21  2
50 22  2
50 23  2
50 24  2
50 25  2
50 26  2
50 27  2
50 28  2
50 29  2
50 30  2
50 31  2
50 32  2
50 33  2
50 34  2
50 35  2
50 36  2
50 37  2
50 38  2
50 39  2
50 40  2
50 41  2
50 42  2
50 43  2
50 44  2
50 45  2
50 46  2
50 47  2
50 48  2
50 49  2
50 50  -1
  
