  
0 0  -2
0 1  4
0 2  4
0 3  4
0 4  4
0 5  4
0 6  4
0 7  4
0 8  4
0 9  4
0 10  4
0 11  4
0 12  4
0 13  4
0 14  4
0 15  4
0 16  4
0 17  4
0 18  4
0 19  4
0 20  4
0 21  4
0 22  4
0 23  4
0 24  4
0 25  4
  
1 0  -2
1 1  0.551584
1 2  1.19863
1 3  1.48084
1 4  1.63365
1 5  1.72695
1 6  1.78853
1 7  1.83122
1 8  1.86163
1 9  1.88345
1 10  1.89886
1 11  1.90918
1 12  1.91519
1 13  1.9173
1 14  1.91561
1 15  1.90992
1 16  1.89969
1 17  1.88392
1 18  1.86086
1 19  1.8275
1 20  1.77839
1 21  1.70288
1 22  1.57802
1 23  1.34578
1 24  0.885222
1 25  -1
  
2 0  -2
2 1  -0.137592
2 2  0.508461
2 3  0.88255
2 4  1.12061
2 5  1.27964
2 6  1.3901
2 7  1.46903
2 8  1.52631
2 9  1.5679
2 10  1.5975
2 11  1.61743
2 12  1.6291
2 13  1.63325
2 14  1.63006
2 15  1.61919
2 16  1.59969
2 17  1.5698
2 18  1.52658
2 19  1.4652
2 20  1.37751
2 21  1.24941
2 22  1.05574
2 23  0.749358
2 24  0.286224
2 25  -1
  
3 0  -2
3 1  -0.419378
3 2  0.137028
3 3  0.512317
3 4  0.781142
3 5  0.975732
3 6  1.11832
3 7  1.22388
3 8  1.30234
3 9  1.36024
3 10  1.40192
3 11  1.43021
3 12  1.44691
3 13  1.45295
3 14  1.4486
3 15  1.43345
3 16  1.40631
3 17  1.36508
3 18  1.30635
3 19  1.22485
3 20  1.11247
3 21  0.956829
3 22  0.739659
3 23  0.434476
3 24  0.0474565
3 25  -1
  
4 0  -2
4 1  -0.569873
4 2  -0.0963906
4 3  0.250348
4 4  0.520178
4 5  0.728471
4 6  0.888535
4 7  1.0112
4 8  1.10467
4 9  1.17489
4 10  1.22609
4 11  1.26121
4 12  1.28211
4 13  1.28986
4 14  1.28477
4 15  1.26641
4 16  1.23359
4 17  1.1842
4 18  1.11498
4 19  1.02119
4 20  0.896188
4 21  0.731089
4 22  0.515082
4 23  0.235735
4 24  -0.0801725
4 25  -1
  
5 0  -2
5 1  -0.661059
5 2  -0.251252
5 3  0.0618491
5 4  0.319725
5 5  0.52878
5 6  0.695872
5 7  0.8279
5 8  0.930865
5 9  1.00959
5 10  1.06777
5 11  1.10809
5 12  1.13235
5 13  1.14159
5 14  1.13616
5 15  1.11569
5 16  1.07911
5 17  1.02456
5 18  0.949267
5 19  0.849485
5 20  0.720425
5 21  0.556503
5 22  0.352297
5 23  0.102856
5 24  -0.15809
5 25  -1
  
6 0  -2
6 1  -0.720888
6 2  -0.358272
6 3  -0.0756987
6 4  0.166142
6 5  0.369421
6 6  0.537026
6 7  0.672887
6 8  0.781028
6 9  0.865054
6 10  0.927939
6 11  0.971967
6 12  0.998752
6 13  1.00926
6 14  1.00384
6 15  0.982231
6 16  0.943556
6 17  0.886315
6 18  0.808378
6 19  0.707037
6 20  0.579178
6 21  0.42171
6 22  0.232532
6 23  0.0102249
6 24  -0.209679
6 25  -1
  
7 0  -2
7 1  -0.762248
7 2  -0.434576
7 3  -0.177425
7 4  0.048408
7 5  0.243275
7 6  0.407815
7 7  0.543957
7 8  0.654192
7 9  0.74105
7 10  0.806795
7 11  0.853279
7 12  0.881866
7 13  0.893415
7 14  0.888275
7 15  0.866289
7 16  0.826809
7 17  0.768721
7 18  0.690509
7 19  0.590383
7 20  0.466528
7 21  0.317534
7 22  0.143181
7 23  -0.0564317
7 24  -0.245686
7 25  -1
  
8 0  -2
8 1  -0.791783
8 2  -0.49013
8 3  -0.253364
8 4  -0.0418238
8 5  0.144151
8 6  0.303997
8 7  0.438381
8 8  0.548703
8 9  0.636644
8 10  0.703864
8 11  0.751808
8 12  0.781598
8 13  0.793977
8 14  0.789287
8 15  0.76747
8 16  0.728091
8 17  0.670391
8 18  0.593376
8 19  0.495976
8 20  0.3773
8 21  0.237
8 22  0.0758654
8 23  -0.105431
8 24  -0.271656
8 25  -1
  
9 0  -2
9 1  -0.813224
9 2  -0.530973
9 3  -0.310179
9 4  -0.110661
9 5  0.0670469
9 6  0.22177
9 7  0.353413
9 8  0.462643
9 9  0.550526
9 10  0.618245
9 11  0.666909
9 12  0.69743
9 13  0.710443
9 14  0.706284
9 15  0.684976
9 16  0.646267
9 17  0.589686
9 18  0.514644
9 19  0.420599
9 20  0.30728
9 21  0.174979
9 22  0.0249964
9 23  -0.141832
9 24  -0.290711
9 25  -1
  
10 0  -2
10 1  -0.828792
10 2  -0.560889
10 3  -0.352326
10 4  -0.162486
10 5  0.0080992
10 6  0.157962
10 7  0.286571
10 8  0.394126
10 9  0.481271
10 10  0.548847
10 11  0.597708
10 12  0.628598
10 13  0.64207
10 14  0.638447
10 15  0.61782
10 16  0.580076
10 17  0.524959
10 18  0.452176
10 19  0.361544
10 20  0.253186
10 21  0.127762
10 22  -0.0131827
10 23  -0.168818
10 24  -0.304718
10 25  -1
  
11 0  -2
11 1  -0.839856
11 2  -0.582292
11 3  -0.382777
11 4  -0.200381
11 5  -0.0355665
11 6  0.110075
11 7  0.235777
11 8  0.341467
11 9  0.427523
11 10  0.49456
11 11  0.543259
11 12  0.574247
11 13  0.588015
11 14  0.58488
11 15  0.564977
11 16  0.528292
11 17  0.474718
11 18  0.404155
11 19  0.316646
11 20  0.212547
11 21  0.0927147
11 22  -0.0412031
11 23  -0.188438
11 24  -0.314837
11 25  -1
  
12 0  -2
12 1  -0.847258
12 2  -0.596699
12 3  -0.403468
12 4  -0.226433
12 5  -0.0659857
12 6  0.076251
12 7  0.199409
12 8  0.30328
12 9  0.388104
12 10  0.45437
12 11  0.502661
12 12  0.533536
12 13  0.547449
12 14  0.544713
12 15  0.525493
12 16  0.489831
12 17  0.437707
12 18  0.36913
12 19  0.284264
12 20  0.18358
12 21  0.0680219
12 22  -0.0607388
12 23  -0.202002
12 24  -0.321794
12 25  -1
  
13 0  -2
13 1  -0.851481
13 2  -0.604994
13 3  -0.415556
13 4  -0.241938
13 5  -0.0844737
13 6  0.0552338
13 7  0.17631
13 8  0.278522
13 9  0.362076
13 10  0.427426
13 11  0.475126
13 12  0.50571
13 13  0.519623
13 14  0.517177
13 15  0.498549
13 16  0.463804
13 17  0.41295
13 18  0.346032
13 19  0.263247
13 20  0.165092
13 21  0.0525176
13 22  -0.0728264
13 23  -0.210297
13 24  -0.326016
13 25  -1
  
14 0  -2
14 1  -0.852721
14 2  -0.607552
14 3  -0.419556
14 4  -0.247508
14 5  -0.0917017
14 6  0.0463276
14 7  0.165784
14 8  0.26651
14 9  0.348775
14 10  0.413082
14 11  0.460019
14 12  0.490144
14 13  0.503912
14 14  0.501639
14 15  0.483499
14 16  0.449544
14 17  0.399761
14 18  0.334162
14 19  0.252899
14 20  0.156412
14 21  0.0455878
14 22  -0.0779817
14 23  -0.213698
14 24  -0.327702
14 25  -1
  
15 0  -2
15 1  -0.850916
15 2  -0.604277
15 3  -0.415386
15 4  -0.243116
15 5  -0.0877279
15 6  0.0493775
15 7  0.167583
15 8  0.266915
15 9  0.347808
15 10  0.4109
15 11  0.456874
15 12  0.486352
15 13  0.499823
15 14  0.497613
15 15  0.479873
15 16  0.446613
15 17  0.397748
15 18  0.333188
15 19  0.25296
15 20  0.157359
15 21  0.0471312
15 22  -0.0762423
15 23  -0.212205
15 24  -0.326842
15 25  -1
  
16 0  -2
16 1  -0.845712
16 2  -0.594554
16 3  -0.402317
16 4  -0.228066
16 5  -0.071986
16 6  0.0647662
16 7  0.181894
16 8  0.279748
16 9  0.359042
16 10  0.420635
16 11  0.465371
16 12  0.493974
16 13  0.506988
16 14  0.504745
16 15  0.487367
16 16  0.454784
16 17  0.40679
16 18  0.343126
16 19  0.263596
16 20  0.168247
16 21  0.0575738
16 22  -0.0671418
16 23  -0.205413
16 24  -0.323198
16 25  -1
  
17 0  -2
17 1  -0.836363
17 2  -0.577104
17 3  -0.378837
17 4  -0.200884
17 5  -0.0432319
17 6  0.0934232
17 7  0.209324
17 8  0.305325
17 9  0.382559
17 10  0.442198
17 11  0.485306
17 12  0.512744
17 13  0.525123
17 14  0.522785
17 15  0.505804
17 16  0.474006
17 17  0.427014
17 18  0.364318
17 19  0.285402
17 20  0.189918
17 21  0.07794
17 22  -0.0496076
17 23  -0.192405
17 24  -0.316236
17 25  -1
  
18 0  -2
18 1  -0.821528
18 2  -0.549674
18 3  -0.342364
18 4  -0.159139
18 5  0.000541177
18 6  0.136833
18 7  0.250853
18 8  0.344203
18 9  0.418587
18 10  0.475584
18 11  0.516523
18 12  0.542423
18 13  0.553973
18 14  0.551519
18 15  0.535078
18 16  0.504346
18 17  0.458732
18 18  0.397405
18 19  0.319401
18 20  0.223795
18 21  0.109987
18 22  -0.021757
18 23  -0.17153
18 24  -0.304966
18 25  -1
  
19 0  -2
19 1  -0.798836
19 2  -0.508462
19 3  -0.288775
19 4  -0.0991634
19 5  0.0621964
19 6  0.197006
19 7  0.30775
19 8  0.39707
19 9  0.467395
19 10  0.520774
19 11  0.558825
19 12  0.582726
19 13  0.593235
19 14  0.590698
19 15  0.575066
19 16  0.545896
19 17  0.502357
19 18  0.443241
19 19  0.367016
19 20  0.271953
19 21  0.156404
19 22  0.0194559
19 23  -0.139965
19 24  -0.287627
19 25  -1
  
20 0  -2
20 1  -0.763947
20 2  -0.446998
20 3  -0.211634
20 4  -0.0157081
20 5  0.14549
20 6  0.27636
20 7  0.381393
20 8  0.464566
20 9  0.529127
20 10  0.577601
20 11  0.611863
20 12  0.633216
20 13  0.64246
20 14  0.63993
20 15  0.625515
20 16  0.598643
20 17  0.558257
20 18  0.50276
20 19  0.429972
20 20  0.337135
20 21  0.221069
20 22  0.0788145
20 23  -0.0928898
20 24  -0.260978
20 25  -1
  
21 0  -2
21 1  -0.70833
21 2  -0.353986
21 3  -0.101026
21 4  0.0983547
21 5  0.254916
21 6  0.3774
21 7  0.472952
21 8  0.547019
21 9  0.603607
21 10  0.645599
21 11  0.675015
21 12  0.693202
21 13  0.700954
21 14  0.698578
21 15  0.685914
21 16  0.66231
21 17  0.626549
21 18  0.576726
21 19  0.510053
21 20  0.422633
21 21  0.309266
21 22  0.163708
21 23  -0.0218605
21 24  -0.218633
21 25  -1
  
22 0  -2
22 1  -0.613684
22 2  -0.209348
22 3  0.0576343
22 4  0.251674
22 5  0.394835
22 6  0.501855
22 7  0.582669
22 8  0.643881
22 9  0.689887
22 10  0.723629
22 11  0.747065
22 12  0.761447
22 13  0.767491
22 14  0.765454
22 15  0.755159
22 16  0.735956
22 17  0.706617
22 18  0.665138
22 19  0.608393
22 20  0.531577
22 21  0.427361
22 22  0.284976
22 23  0.0881019
22 24  -0.146965
22 25  -1
  
23 0  -2
23 1  -0.431893
23 2  0.0266677
23 3  0.287655
23 4  0.456363
23 5  0.571421
23 6  0.653109
23 7  0.712744
23 8  0.756914
23 9  0.789616
23 10  0.813355
23 11  0.829723
23 12  0.839706
23 13  0.843854
23 14  0.842352
23 15  0.835049
23 16  0.821407
23 17  0.800401
23 18  0.770293
23 19  0.728204
23 20  0.669294
23 21  0.585161
23 22  0.460844
23 23  0.267564
23 24  -0.00866467
23 25  -1
  
24 0  -2
24 1  -0.09899
24 2  0.352755
24 3  0.547312
24 4  0.654261
24 5  0.721011
24 6  0.766108
24 7  0.798095
24 8  0.821377
24 9  0.838424
24 10  0.85071
24 11  0.859139
24 12  0.864259
24 13  0.86637
24 14  0.865571
24 15  0.861772
24 16  0.854668
24 17  0.843667
24 18  0.827736
24 19  0.805082
24 20  0.772455
24 21  0.723492
24 22  0.644511
24 23  0.5002
24 24  0.226297
24 25  -1
  
25 0  -2
25 1  2
25 2  2
25 3  2
25 4  2
25 5  2
25 6  2
25 7  2
25 8  2
25 9  2
25 10  2
25 11  2
25 12  2
25 13  2
25 14  2
25 15  2
25 16  2
25 17  2
25 18  2
25 19  2
25 20  2
25 21  2
25 22  2
25 23  2
25 24  2
25 25  -1
  
