# This  a data file of potential over a plane
# Variables:  Top=4, Right=1, Bottom=-4, Left=2, Front=3, Back=4, cycles=10000
  
# X  Z V
0 0  3
0 1  2
0 2  2
0 3  2
0 4  2
0 5  2
0 6  2
0 7  2
0 8  2
0 9  2
0 10  2
0 11  2
0 12  2
0 13  2
0 14  2
0 15  2
0 16  2
0 17  2
0 18  2
0 19  2
0 20  2
0 21  2
0 22  2
0 23  2
0 24  2
0 25  2
  
1 0  3
1 1  1.29445
1 2  1.05668
1 3  0.95144
1 4  0.884628
1 5  0.839292
1 6  0.807887
1 7  0.78597
1 8  0.770735
1 9  0.760377
1 10  0.753741
1 11  0.750114
1 12  0.749105
1 13  0.750574
1 14  0.754614
1 15  0.761562
1 16  0.77205
1 17  0.787121
1 18  0.808411
1 19  0.838494
1 20  0.881482
1 21  0.944244
1 22  1.03886
1 23  1.19644
1 24  1.36767
1 25  4
  
2 0  3
2 1  1.27863
2 2  0.972457
2 3  0.801383
2 4  0.682367
2 5  0.598239
2 6  0.538699
2 7  0.496625
2 8  0.467151
2 9  0.447011
2 10  0.434069
2 11  0.426984
2 12  0.425015
2 13  0.427898
2 14  0.43581
2 15  0.449387
2 16  0.469822
2 17  0.499054
2 18  0.540075
2 19  0.597446
2 20  0.678085
2 21  0.792508
2 22  0.956233
2 23  1.19914
2 24  1.42995
2 25  4
  
3 0  3
3 1  1.26574
3 2  0.923033
3 3  0.709669
3 4  0.55279
3 5  0.438173
3 6  0.355301
3 7  0.295891
3 8  0.25386
3 9  0.224949
3 10  0.206288
3 11  0.19605
3 12  0.193212
3 13  0.197408
3 14  0.208881
3 15  0.22851
3 16  0.257928
3 17  0.299745
3 18  0.357904
3 19  0.438202
3 20  0.548962
3 21  0.701755
3 22  0.911198
3 23  1.20037
3 24  1.45662
3 25  4
  
4 0  3
4 1  1.24717
4 2  0.878548
4 3  0.636341
4 4  0.452385
4 5  0.31475
4 6  0.213431
4 7  0.13981
4 8  0.0872037
4 9  0.0507567
4 10  0.0271181
4 11  0.0141178
4 12  0.0105246
4 13  0.0158972
4 14  0.030527
4 15  0.0554682
4 16  0.0926617
4 17  0.145162
4 18  0.217483
4 19  0.316044
4 20  0.449647
4 21  0.629694
4 22  0.869004
4 23  1.18571
4 24  1.45824
4 25  4
  
5 0  3
5 1  1.22988
5 2  0.84181
5 3  0.579157
5 4  0.375757
5 5  0.221034
5 6  0.105528
5 7  0.0206315
5 8  -0.0405837
5 9  -0.0832848
5 10  -0.11111
5 11  -0.126451
5 12  -0.130677
5 13  -0.124283
5 14  -0.106946
5 15  -0.0774996
5 16  -0.0338089
5 17  0.0274387
5 18  0.111044
5 19  0.223663
5 20  0.374107
5 21  0.573262
5 22  0.832465
5 23  1.16708
5 24  1.45211
5 25  4
  
6 0  3
6 1  1.21586
6 2  0.813175
6 3  0.535737
6 4  0.318264
6 5  0.150927
6 6  0.0246773
6 7  -0.0689775
6 8  -0.137028
6 9  -0.184782
6 10  -0.216033
6 11  -0.233302
6 12  -0.238044
6 13  -0.230789
6 14  -0.2112
6 15  -0.178041
6 16  -0.129076
6 17  -0.0608633
6 18  0.0315089
6 19  0.154725
6 20  0.317434
6 21  0.530017
6 22  0.802829
6 23  1.14982
6 24  1.4447
6 25  4
  
7 0  3
7 1  1.20507
7 2  0.791476
7 3  0.503242
7 4  0.27551
7 5  0.0988699
7 6  -0.0354489
7 7  -0.13581
7 8  -0.209187
7 9  -0.26094
7 10  -0.294932
7 11  -0.313753
7 12  -0.318908
7 13  -0.310949
7 14  -0.289534
7 15  -0.253396
7 16  -0.20025
7 17  -0.12661
7 18  -0.0275483
7 19  0.103559
7 20  0.275168
7 21  0.49727
7 22  0.779624
7 23  1.13548
7 24  1.43803
7 25  4
  
8 0  3
8 1  1.19694
8 2  0.775251
8 3  0.479094
8 4  0.243848
8 5  0.0603446
8 6  -0.0799997
8 7  -0.18544
8 8  -0.262909
8 9  -0.317769
8 10  -0.353912
8 11  -0.373959
8 12  -0.379441
8 13  -0.370925
8 14  -0.348069
8 15  -0.309596
8 16  -0.253208
8 17  -0.175416
8 18  -0.0713222
8 19  0.065615
8 20  0.243681
8 21  0.4726
8 22  0.761773
8 23  1.12409
8 24  1.43256
8 25  4
  
9 0  3
9 1  1.19089
9 2  0.76321
9 3  0.461231
9 4  0.220474
9 5  0.0319196
9 6  -0.112895
9 7  -0.222139
9 8  -0.302704
9 9  -0.359938
9 10  -0.397736
9 11  -0.418733
9 12  -0.424473
9 13  -0.415534
9 14  -0.391574
9 15  -0.35132
9 16  -0.292476
9 17  -0.211571
9 18  -0.103745
9 19  0.0374633
9 20  0.220211
9 21  0.454044
9 22  0.748156
9 23  1.11525
9 24  1.42823
9 25  4
  
10 0  3
10 1  1.18642
10 2  0.754346
10 3  0.448111
10 4  0.203335
10 5  0.0110925
10 6  -0.136996
10 7  -0.249042
10 8  -0.3319
10 9  -0.390903
10 10  -0.429944
10 11  -0.451661
10 12  -0.457607
10 13  -0.448363
10 14  -0.423593
10 15  -0.38203
10 16  -0.321386
10 17  -0.238209
10 18  -0.127675
10 19  0.0166169
10 20  0.202735
10 21  0.440112
10 22  0.737818
10 23  1.10845
10 24  1.42488
10 25  4
  
11 0  3
11 1  1.18318
11 2  0.747923
11 3  0.438626
11 4  0.190974
11 5  -0.00389758
11 6  -0.154316
11 7  -0.268357
11 8  -0.35285
11 9  -0.413119
11 10  -0.453055
11 11  -0.475299
11 12  -0.481407
11 13  -0.471967
11 14  -0.446646
11 15  -0.404181
11 16  -0.342291
11 17  -0.257537
11 18  -0.145119
11 19  0.00132667
11 20  0.189815
11 21  0.429712
11 22  0.730018
11 23  1.10327
11 24  1.4223
11 25  4
  
12 0  3
12 1  1.18091
12 2  0.743432
12 3  0.432023
12 4  0.18241
12 5  -0.0142316
12 6  -0.166202
12 7  -0.281558
12 8  -0.367124
12 9  -0.428222
12 10  -0.468747
12 11  -0.491347
12 12  -0.497584
12 13  -0.488048
12 14  -0.46241
12 15  -0.419405
12 16  -0.356756
12 17  -0.271024
12 18  -0.157417
12 19  -0.00958431
12 20  0.180469
12 21  0.422078
12 22  0.724208
12 23  1.09936
12 24  1.42033
12 25  4
  
13 0  3
13 1  1.17944
13 2  0.740549
13 3  0.427827
13 4  0.177037
13 5  -0.0206257
13 6  -0.173456
13 7  -0.289516
13 8  -0.37564
13 9  -0.437161
13 10  -0.477991
13 11  -0.500787
13 12  -0.50712
13 13  -0.497584
13 14  -0.47185
13 15  -0.428649
13 16  -0.365696
13 17  -0.27954
13 18  -0.165375
13 19  -0.0168389
13 20  0.174075
13 21  0.416705
13 22  0.720013
13 23  1.09648
13 24  1.41886
13 25  4
  
14 0  3
14 1  1.17868
14 2  0.739097
14 3  0.425795
14 4  0.174564
14 5  -0.0234023
14 6  -0.176419
14 7  -0.292576
14 8  -0.378741
14 9  -0.440278
14 10  -0.481122
14 11  -0.503951
14 12  -0.510345
14 13  -0.500905
14 14  -0.475299
14 15  -0.432248
14 16  -0.36945
14 17  -0.283427
14 18  -0.169338
14 19  -0.0207758
14 20  0.17031
14 21  0.413303
14 22  0.717187
14 23  1.09445
14 24  1.4178
14 25  4
  
15 0  3
15 1  1.1786
15 2  0.739028
15 3  0.425888
15 4  0.174984
15 5  -0.0225183
15 6  -0.174988
15 7  -0.290578
15 8  -0.376217
15 9  -0.437319
15 10  -0.477857
15 11  -0.500535
15 12  -0.506949
15 13  -0.497705
15 14  -0.472467
15 15  -0.429944
15 16  -0.367802
15 17  -0.282525
15 18  -0.169211
15 19  -0.0213751
15 20  0.169124
15 21  0.411762
15 22  0.715596
15 23  1.09314
15 24  1.41706
15 25  4
  
16 0  3
16 1  1.17921
16 2  0.740399
16 3  0.428252
16 4  0.178569
16 5  -0.0175563
16 6  -0.168601
16 7  -0.28283
16 8  -0.367266
16 9  -0.427399
16 10  -0.467252
16 11  -0.489561
16 12  -0.495939
16 13  -0.487
16 14  -0.462402
16 15  -0.420836
16 16  -0.359938
16 17  -0.276133
16 18  -0.164435
16 19  -0.0182426
16 20  0.170736
16 21  0.412139
16 22  0.715177
16 23  1.09244
16 24  1.41656
16 25  4
  
17 0  3
17 1  1.18055
17 2  0.743348
17 3  0.433209
17 4  0.185889
17 5  -0.00767773
17 6  -0.156164
17 7  -0.268017
17 8  -0.350402
17 9  -0.408903
17 10  -0.447603
17 11  -0.469272
17 12  -0.475541
17 13  -0.467025
17 14  -0.443382
17 15  -0.403287
17 16  -0.344341
17 17  -0.262909
17 18  -0.1539
17 19  -0.0105493
17 20  0.175659
17 21  0.414641
17 22  0.715889
17 23  1.09219
17 24  1.41617
17 25  4
  
18 0  3
18 1  1.18263
18 2  0.748027
18 3  0.441228
18 4  0.197837
18 5  0.00845736
18 6  -0.135935
18 7  -0.244071
18 8  -0.323305
18 9  -0.379334
18 10  -0.416299
18 11  -0.436991
18 12  -0.443048
18 13  -0.43509
18 14  -0.412772
18 15  -0.374763
18 16  -0.318644
18 17  -0.240727
18 18  -0.13581
18 19  0.00307297
18 20  0.184755
18 21  0.419598
18 22  0.717611
18 23  1.09203
18 24  1.41559
18 25  4
  
19 0  3
19 1  1.18525
19 2  0.754429
19 3  0.452837
19 4  0.215651
19 5  0.0327924
19 6  -0.105371
19 7  -0.207986
19 8  -0.282642
19 9  -0.33514
19 10  -0.369646
19 11  -0.388945
19 12  -0.394661
19 13  -0.387407
19 14  -0.366843
19 15  -0.331654
19 16  -0.279434
19 17  -0.206478
19 18  -0.107499
19 19  0.0246773
19 20  0.199299
19 21  0.427404
19 22  0.719928
19 23  1.09108
19 24  1.4141
19 25  4
  
20 0  3
20 1  1.18769
20 2  0.761962
20 3  0.468366
20 4  0.240858
20 5  0.0679585
20 6  -0.0609807
20 7  -0.155668
20 8  -0.223922
20 9  -0.271579
20 10  -0.302755
20 11  -0.320166
20 12  -0.325379
20 13  -0.318985
20 14  -0.300661
20 15  -0.269144
20 16  -0.222103
20 17  -0.1559
20 18  -0.0652559
20 19  0.0571542
20 20  0.221032
20 21  0.438364
20 22  0.721673
20 23  1.08723
20 24  1.40992
20 25  4
  
21 0  3
21 1  1.18755
21 2  0.768407
21 3  0.487376
21 4  0.275076
21 5  0.117244
21 6  0.00167778
21 7  -0.0819503
21 8  -0.141548
21 9  -0.182813
21 10  -0.209659
21 11  -0.22462
21 12  -0.229144
21 13  -0.223771
21 14  -0.208211
21 15  -0.181309
21 16  -0.140908
21 17  -0.0835897
21 18  -0.00427779
21 19  0.104291
21 20  0.252141
21 21  0.452385
21 22  0.720039
21 23  1.07557
21 24  1.39862
21 25  4
  
22 0  3
22 1  1.17774
22 2  0.767464
22 3  0.507403
22 4  0.319387
22 5  0.184125
22 6  0.0874689
22 7  0.018768
22 8  -0.0295596
22 9  -0.0627163
22 10  -0.0841606
22 11  -0.096082
22 12  -0.0997146
22 13  -0.0955187
22 14  -0.0832516
22 15  -0.0619384
22 16  -0.029737
22 17  0.0163252
22 18  0.0807813
22 19  0.17037
22 20  0.294914
22 21  0.468352
22 22  0.708929
22 23  1.04481
22 24  1.36849
22 25  4
  
23 0  3
23 1  1.13887
23 2  0.745775
23 3  0.524044
23 4  0.375207
23 5  0.272967
23 6  0.202049
23 7  0.152623
23 8  0.118309
23 9  0.0949714
23 10  0.0799603
23 11  0.0716353
23 12  0.0690839
23 13  0.0719673
23 14  0.0804609
23 15  0.0952783
23 16  0.117782
23 17  0.150212
23 18  0.196073
23 19  0.260796
23 20  0.352813
23 21  0.485347
23 22  0.678891
23 23  0.972457
23 24  1.2899
23 25  4
  
24 0  3
24 1  0.984542
24 2  0.643046
24 3  0.496197
24 4  0.409052
24 5  0.352548
24 6  0.314528
24 7  0.288488
24 8  0.270599
24 9  0.258514
24 10  0.250772
24 11  0.246486
24 12  0.245167
24 13  0.246636
24 14  0.250985
24 15  0.258592
24 16  0.270188
24 17  0.286985
24 18  0.310929
24 19  0.345136
24 20  0.394738
24 21  0.46867
24 22  0.583432
24 23  0.783096
24 24  1.02993
24 25  4
  
25 0  3
25 1  1
25 2  1
25 3  1
25 4  1
25 5  1
25 6  1
25 7  1
25 8  1
25 9  1
25 10  1
25 11  1
25 12  1
25 13  1
25 14  1
25 15  1
25 16  1
25 17  1
25 18  1
25 19  1
25 20  1
25 21  1
25 22  1
25 23  1
25 24  1
25 25  4
  
